,Raw count,Cumulative rate,Age-specific rate
0,0.0,0.0,0.0
1,0.0,0.0,0.0
2,0.0,0.0,0.0
3,0.0,0.0,0.0
4,0.0,0.0,0.0
5,0.0,0.0,0.0
6,0.0,0.0,0.0
7,2.0,2.0,0.0001999600079984003
8,1.0,3.0,0.00010001000100010001
9,1.0,4.0,0.00010002000400080016
10,2.0,6.0,0.00020004000800160032
11,2.0,8.0,0.00020008003201280514
12,2.0,10.0,0.00020012007204322593
13,2.0,12.0,0.00020016012810248197
14,5.0,17.0,0.0005003502451716201
15,5.0,22.0,0.000500600720865038
16,2.0,24.0,0.0002004008016032064
17,11.0,35.0,0.0011014318614198458
18,10.0,45.0,0.0010025062656641604
19,13.0,58.0,0.0013041733547351525
20,22.0,80.0,0.0022079486150140505
21,16.0,96.0,0.001610305958132045
22,17.0,113.0,0.0017135369418405403
23,30.0,143.0,0.0030251083997176564
24,31.0,174.0,0.0031351132686084143
25,56.0,230.0,0.005666869054847197
26,55.0,285.0,0.0055979643765903305
27,85.0,370.0,0.008673469387755102
28,126.0,496.0,0.012915129151291513
29,143.0,639.0,0.014823261117445839
30,160.0,799.0,0.016804957462451423
31,183.0,982.0,0.019501278772378516
32,223.0,1205.0,0.024131587490531327
33,284.0,1489.0,0.031280978081286485
34,250.0,1739.0,0.028535555301906174
35,227.0,1966.0,0.02674363807728558
36,198.0,2164.0,0.024052478134110787
37,190.0,2354.0,0.02367306254672315
38,158.0,2512.0,0.020246027678113787
39,128.0,2640.0,0.01680672268907563
40,122.0,2762.0,0.016305800588078054
41,87.0,2849.0,0.011877133105802047
42,85.0,2934.0,0.011746821448313986
43,68.0,3002.0,0.009531819456125596
44,74.0,3076.0,0.010463800904977375
45,49.0,3125.0,0.00702710454610641
46,44.0,3169.0,0.006359300476947536
47,51.0,3220.0,0.0074106364428945075
48,38.0,3258.0,0.005573481959518921
49,32.0,3290.0,0.0047239444936522
50,37.0,3327.0,0.005483918778716466
51,25.0,3352.0,0.0037324574499850703
52,38.0,3390.0,0.005683517798384685
53,23.0,3413.0,0.003467510930197497
54,18.0,3431.0,0.002725208175624527
55,28.0,3459.0,0.00424435349401243
56,34.0,3493.0,0.005171102661596958
57,33.0,3526.0,0.005045871559633028
58,40.0,3566.0,0.006140620202640466
59,41.0,3607.0,0.006332046332046332
60,34.0,3641.0,0.005290182044499767
61,37.0,3678.0,0.005784865540963102
62,40.0,3718.0,0.006287331027978623
63,54.0,3772.0,0.008522727272727272
64,68.0,3840.0,0.010800508259212199
65,48.0,3888.0,0.007731958762886598
66,64.0,3952.0,0.010362694300518135
67,67.0,4019.0,0.010956663941128373
68,71.0,4090.0,0.011731658955717119
69,71.0,4161.0,0.011870924594549406
70,98.0,4259.0,0.016506653191847735
71,93.0,4352.0,0.01594103531025026
72,106.0,4458.0,0.018421967327076814
73,107.0,4565.0,0.01894140555850593
74,96.0,4661.0,0.0173567166877599
75,113.0,4774.0,0.020726338958180483
76,112.0,4886.0,0.02098164106406894
77,116.0,5002.0,0.022179732313575527
78,98.0,5100.0,0.019230769230769232
79,85.0,5185.0,0.017051153460381142
80,92.0,5277.0,0.018748726309353984
81,100.0,5377.0,0.02073398299813394
82,109.0,5486.0,0.023034657650042267
83,77.0,5563.0,0.016771945109997823
84,84.0,5647.0,0.0185799601857996
85,67.0,5714.0,0.015158371040723982
86,74.0,5788.0,0.016972477064220184
87,81.0,5869.0,0.018867924528301886
88,60.0,5929.0,0.014316392269148175
89,67.0,5996.0,0.016191396810053167
90,56.0,6052.0,0.013793103448275862
91,44.0,6096.0,0.011022044088176353
92,50.0,6146.0,0.012645422357106728
93,62.0,6208.0,0.015832482124616958
94,55.0,6263.0,0.014296854691967767
95,46.0,6309.0,0.012159661644197727
96,47.0,6356.0,0.012573568753344035
97,38.0,6394.0,0.010320478001086366
98,49.0,6443.0,0.013406292749658003
99,49.0,6492.0,0.013588463671658347
